42 R 150 3750
26 R 200 5000
63 R 410 10250
49 R 180 4500
37 R 350 8750
71 R 600 15000
46 R 710 17750
39 R 780 19500
7 R 750 18750
5 R 800 20000
65 R 760 19000
3 R 880 22000
36 W 150 3000
58 W 200 4000
14 W 410 8200
53 W 180 3600
43 W 350 7000
28 W 800 16000
50 W 760 15200
27 W 880 17600
12 R 165 4125
24 R 215 5375
13 R 425 10425
1 R 195 4875
47 R 365 9125
2 R 615 15375
31 R 725 19125
51 R 795 19875
33 R 765 19125
69 R 815 20375
6 R 775 19375
40 R 895 22375
15 W 165 3300
55 W 215 4300
21 W 425 8500
41 W 195 3900
56 W 365 7300
17 W 615 12300
10 W 725 14500
70 W 795 15900
34 W 765 15300
61 W 815 16300
32 W 775 15500
35 W 895 17900
66 R 157 3925
9 R 208 5200
11 R 419 10475
57 R 186 4650
54 R 351 8725
68 R 610 15250
38 R 714 17850
16 R 785 19625
29 R 757 18925
8 R 806 20150
59 R 768 19200
19 R 880 22000
22 W 157 3140
60 W 208 4160
48 W 419 8380
52 W 186 3720
44 W 351 7020
18 W 610 12200
67 W 714 14280
45 W 785 15700
30 W 757 15140
25 W 806 16120
72 W 768 15360
64 W 880 17600
